3 0.225 0.17448405312499998 0.2125 0.1575984984375 0.2 0.16135084375 0.19624999999999998 0.1557223265625 0.185 0.09756097500000001 0.16875 0.0506566609375 0.16499999999999998 0.045028142187499995 0.1825 0.10881801093750001 0.18125 0.1275797375 0.14250000000000002 0.043151970312499996 0.14125000000000001 0.043151970312499996 0.16375 0.095684803125 0.1775 0.144465290625 0.18625 0.198874296875 0.19125 0.2833020640625 0.2 0.3039399625 0.20249999999999999 0.17448405312499998 0.20875 0.16510318906250002 0.225 0.17448405312499998
3 0.36625 0.26829268281249996 0.365 0.26641651093749996 0.3625 0.2851782359375 0.37875000000000003 0.3621013140625 0.37625000000000003 0.41088180156250004 0.38375 0.4296435265625 0.38375 0.313320825 0.3875 0.302063790625 0.3775 0.30018761718750003 0.36625 0.26829268281249996
3 0.5 0.3489681046875 0.49375 0.30018761718750003 0.45875000000000005 0.24015009375 0.4575 0.24015009375 0.45625 0.24765478437500002 0.475 0.2851782359375 0.45875000000000005 0.27392120000000003 0.45 0.27954971875 0.46749999999999997 0.2851782359375 0.47874999999999995 0.30018761718750003 0.49749999999999994 0.390243903125 0.5 0.3489681046875
3 0.61625 0.35272044999999996 0.61375 0.35272044999999996 0.62375 0.369606003125 0.6174999999999999 0.392120075 0.63 0.40712945625 0.6325000000000001 0.43151970000000006 0.6425 0.43151970000000006 0.63875 0.390243903125 0.6275000000000001 0.3639774859375 0.61625 0.35272044999999996
3 0.68125 0.4352720453125 0.6849999999999999 0.4352720453125 0.6875 0.399624765625 0.6799999999999999 0.33771106875 0.67375 0.3170731703125 0.6599999999999999 0.3039399625 0.6575 0.30018761718750003 0.65625 0.305816134375 0.6725 0.32833020625 0.67 0.3414634140625 0.645 0.3039399625 0.63625 0.305816134375 0.6675 0.35084427812499996 0.67625 0.37898686718749997 0.68125 0.4352720453125
3 0.8525 0.4352720453125 0.8425 0.39587242031250003 0.845 0.36772983125 0.84375 0.36772983125 0.8375 0.3883677296875 0.8275 0.37711069375 0.83625 0.399624765625 0.835 0.4127579734375 0.81125 0.39587242031250003 0.835 0.42026266406249996 0.8525 0.46716697968750004 0.8525 0.4352720453125
3 0.875 0.39587242031250003 0.85375 0.40337711093750006 0.8787499999999999 0.40900562812499996 0.9012499999999999 0.45966228906250006 0.89375 0.414634146875 0.8625 0.375234521875 0.86 0.375234521875 0.875 0.39587242031250003
3 0.41500000000000004 0.390243903125 0.39249999999999996 0.41651031875 0.38625 0.4127579734375 0.38 0.454033771875 0.385 0.4521575984375 0.3875 0.43902439062500004 0.39249999999999996 0.45590994374999994 0.41624999999999995 0.392120075 0.41500000000000004 0.390243903125
3 0.54 0.3864915578125 0.55 0.4296435265625 0.55 0.4990619140625 0.55625 0.5065666046875 0.56375 0.4821763609375 0.56375 0.4352720453125 0.5525 0.399624765625 0.54125 0.3864915578125 0.54 0.3864915578125
3 0.1075 0.36772983125 0.1 0.3733583484375 0.0975 0.3864915578125 0.0925 0.384615384375 0.1 0.4521575984375 0.1075 0.44652908125 0.11374999999999999 0.37711069375 0.1075 0.36772983125
3 0.13874999999999998 0.3433395875 0.12250000000000001 0.375234521875 0.11875 0.43902439062500004 0.12375 0.43902439062500004 0.13125 0.3733583484375 0.155 0.3302063796875 0.15375 0.32833020625 0.13874999999999998 0.3433395875